0.2073571455054046
0.1467915180345059
0.6293849227704424
0.866849806496698
0.4170123592737692
0.8937682306141873
0.3041271023321313
0.19668768730561606
0.43578339658708887
0.7984231522457468
0.8562143255995975
0.8419607134398295
0.37509838891902564
0.8188587592580909
0.7645542369025577
0.1564210337058962
0.3084885255188067
0.9072248267430615
0.3774011067415666
0.13701111779372702
0.3361132544252522
0.20745903816448855
0.11484771035169167
0.6209791123545355
0.8044661181782641
0.895648475250684
0.45375376454523303
0.330056654277431
0.45648217378907635
0.11262854350744356
0.10729979284457794
0.7505381826483863
0.7818916498896541
0.5244400727574434
0.8275845734928042
0.2418356326048145
0.6798509671195044
0.8872087702862302
0.6580790438298473
0.8413164703907419
0.6035974603815926
0.8628759711326941
0.6438199967576541
0.8179666531312525
0.31899708447739206
0.8683115437706291
0.2228807002669885
0.7715527645826915
0.20486892282851574
0.4196960453455464
0.8876207560301778
0.22402881867069618
0.28088558855249507
0.7207353481459956
0.8535792405747774
0.1798533483370931
0.8530635607319744
0.268474045171435
0.7127660769538232
0.14213994490632403
0.8634552743481915
0.1365652065909486
0.6486552268182062
0.5952456206882923
0.8159315413790684
0.4662790318075417
0.15389827389787586
0.8017199009324398
0.5315724193452578
0.6449186078097964
0.8208453394501305
0.20672327784499814
0.9011286089103013
0.5849729805166808
0.7135781864651628
0.2080523728290956
0.6912559075868822
0.4106788253773209
0.845617084149192
0.3178862169072505
0.38831318996020275
0.7481880977448312
0.5138268079254383
0.9080362902377686
0.5768224808983714
0.7199979650105027
0.6182238801015514
0.7095780834593586
0.7475510584712287
0.7953784693637841
0.5341691741560572
0.10690082904724942
0.3900741329328441
0.2518187354420775
0.5990556442963799
0.22900232648243035
0.40922482439982966
0.36769263146953096
0.7394646446750974
0.5231612703588668
0.10341241927031486
0.5818184520950002
0.5336498294810035
0.7970810218339871
0.18305219870103245
0.7763483987386754
0.7213582587837183
0.5554892123386445
0.8852160025465413
0.8640669224654346
0.7746932131424349
0.6055915174612323
0.5964275445106516
0.23500394803554386
0.17352974415553063
0.33480568750882883
0.764636272058075
0.15860687009837227
0.5173356364938526
0.11572768883197708
0.13120940754477944
0.7458697917486388
0.8115745307812293
0.45341281002945777
0.5477112325730689
0.8210617424230626
0.19888474266990883
0.14081251240978757
0.8845677688093909
0.5182035931174804
0.8415911336194066
0.4625954794343889
0.27333064501224863
0.8724565112277779
0.12526501231747783
0.8407364534421012
0.5825554923266227
0.8267939940463992
0.5680391119693163
0.1445567894589055
0.2531258242730368
0.7247632561921813
0.8373393848593558
0.28813638281397397
0.14661749634808655
0.8547904900870652
0.5901239966005432
0.11143041991375242
0.18133703039656748
0.2725403913849314
0.6548910731640792
0.14918939356514543
0.8630500671379631
0.1876096057667821
0.28719297375167235
0.45833311169253754
0.8623757571018001
0.806521934943863
0.5298920554766725
0.4767100635341839
0.7918650194799605
0.8868141185643931
0.335481002202514
0.24949198697699643
0.11620172501552009
0.17255344993270724
0.4840299050352372
0.8980709395474149
0.1505053075143539
0.5701823683986154
0.8026616977597648
0.6704147662612541
0.3828400527863312
0.4700815258639602
0.3962104666943505
0.6191533436272517
0.8217568398767047
0.19261846706597724
0.6801399102620459
0.14385599587460948
0.7605164572429289
0.2406298834978282
0.7921585146058899
0.3625311811884863
0.25043420051224374
0.46262339238197564
0.36445461255178935
0.23267531714869838
0.1934488616679937
0.2488119797296535
0.6520099660858583
0.8736313828807707
0.15287615533320034
0.46596035166938266
0.2973609350167962
0.848389820303335
0.26816093878302627
0.7646544913286001
0.21984023835664732
0.17850121628044416
0.21499965711012162
0.8206963595571847
0.8290509844113457
0.7815872228180524
0.38497601951281185
0.11668645610991155
0.7388316312559995
0.8556557799059051
0.6596202281808222
0.4566481989658418
0.16658066880601036
0.15484514983619688
0.1676389321278055
0.14273301424448653
0.14574365843718531
0.2143768783492437
0.8887390313164405
0.9037431468291415
0.14262793509996485
0.14860500179240196
0.8400341845771175
0.7389119876132256
0.31393336740245875
0.1792046553064588
0.4472282769779904
0.3542140431139983
0.12548008044202744
0.18127284426428436
0.45510732853072566
0.7415038283718927
0.40753613865705685
0.18053233310542552
0.8283803204929314
0.5283880622216076
0.6392664165757744
0.8275239530164964
0.29918053921075205
0.4774095261189039
0.5143196984061895
0.8544021248280741
0.36942173241086584
0.2664897372732229
0.8247899927379706
0.5653093814677903
0.12517620066966736
0.8961305549197274
0.8436498207390313
0.24224749245996674
0.32144246902404144
0.7138000169560219
0.617696622800269
0.4717666443962634
0.3236668246170603
0.40576621450249145
0.12845968509490663
0.807475951641478
0.5023756058412304
0.21107653466722434
0.729004615364431
0.8780271717458199
0.8481885974712841
0.8921112192355254
0.8772424885747578
0.2777260298852242
0.8511244327231205
0.8266166796072233
0.2970410754032811
0.21959556994113535
0.8772778473465224
0.11447733172369706
0.7159753215256585
0.6796813064068428
0.16991406340218146
0.2816072079810333
0.22124087043402477
0.20364369127681156
0.8028779237582537
0.4198307445497832
0.6447073964432037
0.9043385338014404
0.420083540000966
0.17382541221982442
0.48215721072141526
0.7796163554135808
0.855844175308339
0.3430631752452737
0.18095540907733718
0.6981549988395258
0.7984582468833948
0.2669092264778766
0.20736481210695218
0.2352359437337682
0.670883782261246
0.8726901393820731
0.8607374444935192
0.8402777390572672
0.19977927444967403
0.4709545309275314
0.8640731743633047
0.40696291156613834
0.2053938037720924
0.23622667738400557
0.8160198175938997
0.7516961712079531
0.6507707400532361
0.880025410863127
0.446657343603403
0.7139498419228771
0.8019036723597559
0.12924383875693005
0.5171451150456342
0.852830621751673
0.2581131494077646
0.5897548976378848
0.8987034193324981
0.2275205171369275
0.24899671190056125
0.1163413683913148
0.8924778385965602
0.48483765174116245
0.09054675392381813
0.12780417753934462
0.4629063884132284
0.8415628067795168
0.17318451874579283
0.13179347117706483
0.1487757306928691
0.3854634918278596
0.764217428416244
0.28378258971791936
0.9033271821025562
0.8727119644602613
0.9044026048658453
0.7479533051612058
0.12969889092715
0.785592165667577
0.12287928490923009
0.1174252073447436
0.4848665812699916
0.8526683072653995
0.33601454269049835
0.14893041686643466
0.8972609454115884
0.16698251857739516
0.6490862263821472
0.21285907673361387
0.18233317512938366
0.4630436165911409
0.8037198253539745
0.6921041466065061
0.2459583527892404
0.9020889805371902
0.20562105629937444
0.14435010114133948
0.09958252020724773
0.19971826557785782
0.8963427980117511
0.5021650167272755
0.7973464828917571
0.12147627312719243
0.14500737931549224
0.18188996869025598
0.7710361290899845
0.5149866930586127
0.7501015036141473
0.49119971853675576
0.22759661291677133
0.31924053638320443
0.8355207009138914
0.8865374201554376
0.1435052669223828
0.16124358750735457
0.6141682015087775
0.31047611563933136
0.6014020402781555
0.8652970299509748
0.7795971506761161
0.8675866434084709
0.23304837698380876
0.8990047650660316
0.1555463665853683
0.6131369984346707
0.7726201382733209
0.7572951448281138
0.6059609762211238
0.6411968460260509
0.227517446042419
0.6758954848052963
0.24773802661211702
0.36217679859689766
0.8172793908922865
0.22518215101500416
0.8208739863750021
0.7348426803950506
0.8624465659516223
0.7623688154875194
0.8630501049755235
0.2815252362225106
0.1775173207795707
0.4387705465769425
0.6000186768924323
0.6492527754053911
0.3534035382099973
0.6904511921104944
0.8915981820156131
0.1898156090212192
0.2136128863591138
0.9043023988855209
0.8264226020482204
0.2651186240555613
0.1526835767921523
0.8090451478210844
0.7756361445438114
0.1805832645900629
0.36756812188693894
0.6964971088819738
0.8180746006068691
0.3028660681492975
0.8289268204607457
0.761478067033959
0.43366760234772966
0.33411943132332894
0.7033560281406273
0.27759614805232496
0.5831435214462538
0.743225157718327
0.1811330931103825
0.3153323152632933
0.393512788560231
0.5687607061410085
0.27796878451185253
0.7228346017967997
0.2855805199347084
0.2377637439055759
0.6898962888783355
0.6040188325846644
0.5211741562733313
0.7166371810693573
0.2817474357187728
0.14638725413137194
0.8683955362321498
0.2860722526400443
0.8089381364766168
0.1336955743873037
0.1834052556809835
0.637835468729661
0.6737858629401934
0.8646433552434193
0.16015215210969208
0.33759141420998334
0.7351424088121948
0.8075891701773408
0.7815544777726618
0.6332909592697497
0.29534334491676
0.20619352435193272
0.6930225679104067
0.2792318313275114
0.8475203445750991
0.3625925844131472
0.3350140890668506
0.2217016807389086
0.20385228030491442
0.20119068495175643
0.8249261260954798
0.1992149583249504
0.6093917423593843
0.871291036174057
0.694828136885715
0.17163037696094122
0.6484830258302945
0.6658327019320229
0.3720016322290003
0.25076955953060176
0.6364433023404044
0.8725632798394054
0.5072802408810553
0.6395278600488358
0.2571702832437268
0.8782666515854526
0.378928078385994
0.898400334626834
0.5823054378073903
0.8853030497826935
0.25348938585864894
0.7963484800288974
0.7576544758510068
0.2603831652753402
0.5417374393261577
0.6317176816118402
0.1567817713195033
0.43697068149370305
0.8897349084695704
0.7028945935499151
0.7167581846040193
0.8208966283019238
0.8220113999706511
0.8455917638612177
0.8043099294648934
0.3112568197506472
0.4675059387145504
0.4819969012410889
0.1992698279192629
0.17805421066773455
0.7293459423751139
0.430831879660514
0.7047609021592302
0.7138289543702976
0.8699140470565894
0.8186734121750664
0.11093024238655638
0.25933246495011036
0.5034900878189181
0.5825530279523783
0.24308730596501288
0.23907722072158713
0.4993384060608607
0.09891090153542025
0.42332697736791614
0.731164675820882
0.7772021318191655
0.7934255112496583
0.614915845935475
0.5290716826242683
0.6212138574064354
0.20421295073188928
0.8296850204923962
0.2766578643087107
0.660921602490954
0.21370429772178653
0.6613931482111319
0.8282802757299753
0.7472107060264972
0.653046222449069
0.5953114725519217
0.5720800887940107
0.8456000868650397
0.909545297326626
0.2487953894048736
0.6541522412657379
0.17270982048026703
0.17608082396698332
0.2799279105928587
0.22957172413330643
0.10491075564534386
0.8415038087474301
0.15030348112162478
0.6876055048175578
0.5415420139382335
0.1481031895275469
0.4699370496381495
0.16591895000990411
0.704552738209947
0.2142743158606066
0.42822936230225794
0.38046702237912466
0.5518050888309068
0.8486285107921169
0.1730129219307363
0.7978899534755416
0.763784928034101
0.19271192325770287
0.6051582948110455
0.6555643733101391
0.5887415342044895
0.40420219694167636
0.8336869456099852
0.31799604476111054
0.31379571487877844
0.6425183307135168
0.6492428316091997
0.7447337631957177
0.22160748221085974
0.21812038329352
0.3408544947895037
0.2956394610646144
0.8415330459008583
0.7045285885597166
0.7518321274126414
0.17767585218735982
0.3150940144778429
0.8654835038665825
0.28427379602049657
0.1568986783270744
0.7022732868320751
0.7332403407493786
0.7531440128029085
0.42823770897066454
0.5774912924479457
0.11840877074450526
0.14833419818166177
0.8810918433091338
0.196980867856964
0.1988588043340329
0.5539658818830911
0.835306279957891
0.4746775727753223
0.8491678891216965
0.8355739182662336
0.08812413481527455
