0.061244937581087414
0.0654889928918725
0.07136593474970981
0.07136593474970981
0.05899962512361235
0.08762617010330398
0.060257109347115596
0.06247626585136917
0.09941456210952654
0.07347162715540459
0.07375499626318793
0.09401725215567631
0.07136593474970981
0.07136593474970981
0.06900119396640847
0.2842879601121656
0.07672688768750177
0.07136593474970981
0.10916785184356882
0.06743794931877589
0.062361109714593535
0.07236859137025849
0.5214272077072669
0.06259208806482462
0.0643315029
0.8388745763640355
0.059328048410354
0.9138777973002037
0.3247464344885792
0.07136593474970981
0.058539432969159
0.07492633820363878
0.1103565829021812
0.07136593474970981
0.06659838196611484
0.22987772312709898
0.05966505414496977
0.05964196196945877
0.06697532535693876
0.06745110121739438
0.05860611713705493
0.10331837261816906
0.057855080200469554
0.062361109714593535
0.07136593474970981
0.07136593474970981
0.06900119396640847
0.062361109714593535
0.15090786292033573
0.06281606128723277
0.07487303835391344
0.059000344044020145
0.05767251008953768
0.208874048959492
0.06066367612113941
0.07136593474970981
0.07136593474970981
0.059000344044020145
0.07136593474970981
0.0639943332902903
0.8749646758148555
0.08821019522814205
0.06066367612113941
0.058990718140601806
0.062361109714593535
0.06390185063441174
0.08146425743134388
0.1577961676973882
0.18337836306548447
0.0588980225438281
0.8097456578181703
0.1378925996955426
0.3260299388878771
0.06993407056610362
0.7913960447050514
0.11426579776641407
0.09679363433653163
0.06599252721215404
0.08733632280908314
0.8839611919385347
0.07058228253795334
0.05931717307471198
0.061244937581087414
0.06031478433779459
0.059000344044020145
0.8750782213286032
0.07136593474970981
0.062361109714593535
0.0654889928918725
0.07136593474970981
0.23345117504352214
0.9326818033988508
0.07583607239987938
0.0624331287527729
0.07136593474970981
0.07396240903093675
0.060013027525754256
0.10240709948724469
0.8792060795396528
0.0695591271157628
0.06557837560004048
0.06576089139053384
0.0654889928918725
0.0582568292190815
0.9339465068207593
0.8845207463250558
0.06743794931877589
0.07136593474970981
0.927414328210684
0.062361109714593535
0.06198868827213491
0.08768949498324229
0.07701905978644855
0.06226246109735205
0.07262550061925192
0.06697532535693876
0.08539535683605784
0.5058586379597481
0.08795312801877583
0.8750782213286032
0.059171131970335036
0.05964406072045185
0.07136593474970981
0.06279719017510565
0.06607839333084704
0.07136593474970981
0.06254846974900187
0.07136593474970981
0.8033440524102091
0.0696437757864784
0.07136593474970981
0.07136593474970981
0.06006968761285245
0.06550698245110415
0.07082107334555846
0.06390185063441174
0.09610005462221102
0.3008602829974407
0.07136593474970981
0.1254880614702978
0.1509776046507528
0.07136593474970981
0.07136593474970981
0.0630558408543929
0.0654889928918725
0.06993407056610362
0.06214496982327837
0.060337708997962744
0.07136593474970981
0.06380447834369685
0.9202350253229883
0.580052209596766
0.8965060595312474
0.10566733505508828
0.07626076465891736
0.07406341804197625
0.8372620889160597
0.06390185063441174
0.08327963377994833
0.09679185476312681
0.07136593474970981
0.07136593474970981
0.17923400599358885
0.06390185063441174
0.066926215335273
0.06550698245110415
0.10724768825068633
0.7694477748500724
0.06516532734153599
0.062361109714593535
0.11253343032970897
0.06380447834369685
0.07051954915888431
0.1306424301105621
0.07093552959469954
0.07136593474970981
0.08276692824114493
0.36397451868426467
0.2162099486395453
0.7881635055945502
0.07136593474970981
0.06900119396640847
0.07262550061925192
0.06993407056610362
0.903817718121767
0.07136593474970981
0.10214037860342977
0.12128352955781868
0.06011259654932055
0.10822679780208573
0.06390185063441174
0.5539023297049434
0.11573261829694924
0.0654889928918725
0.7182347878872034
0.07136593474970981
0.06233233041687353
0.10142036362142598
0.07195509884729903
0.07441567848374817
0.09230499467764004
0.07136593474970981
0.12020687306394773
0.928859262799101
0.06233233041687353
0.05658160200330299
0.06045867290477848
0.05725790430450899
0.07136593474970981
0.07136593474970981
0.06201954146969582
0.06697532535693876
0.07136593474970981
0.07284076739316754
0.07136593474970981
0.8967621111825262
0.7509418625633035
0.06697532535693876
0.062361109714593535
0.06937141270300469
0.12643028106932627
0.05788684472773267
0.05773100814470247
0.07136593474970981
0.06983687417691584
0.8829490179918521
0.9243018120965879
0.062361109714593535
0.15453789956573827
0.06254846974900187
0.06045867290477848
0.06754375061426021
0.057855080200469554
0.06900119396640847
0.10150010971082533
0.08146425743134388
0.064459750620277
0.9246460441245318
0.06254846974900187
0.0817155617712426
0.2211874991159838
0.10089598958419503
0.07262550061925192
0.7129291623391645
0.2570996288717438
0.05845354118852393
0.07136593474970981
0.24037208549471878
0.06233233041687353
0.0694897586013218
0.07136593474970981
0.7881635055945502
0.06900119396640847
0.07266167320035659
0.06743794931877589
0.7721338595021424
0.07136593474970981
0.09823575534269109
0.07417189072445775
0.0763926560651385
0.06615448607377594
0.06697532535693876
0.09382372977614777
0.07136593474970981
0.06697532535693876
0.0695591271157628
0.06390185063441174
0.06254846974900187
0.05832366725703957
0.059151028274743854
0.8189468374986446
0.9088364329474337
0.0791797451264937
0.078709326751028
0.08101321550512555
0.36397451868426467
0.062361109714593535
0.0654889928918725
0.07136593474970981
0.06045867290477848
0.07136593474970981
0.07136593474970981
0.06409054913175655
0.07136593474970981
0.8590483021498493
0.07136593474970981
0.06697532535693876
0.8026348731257088
0.07136593474970981
0.05773100814470247
0.23961524843883483
0.07136593474970981
0.8923793847867179
0.06743794931877589
0.0665502938548826
0.08012583915578673
0.062361109714593535
0.062361109714593535
0.07136593474970981
0.09697723496257366
0.06437930024596503
0.05773100814470247
0.05943502875493015
0.07193059620001244
0.14133279829887513
0.098061093256607
0.08096790409189106
0.059000344044020145
0.21134135860148084
0.8118229395415762
0.0644781598264758
0.06418942936578204
0.22067837399587356
0.16796888024781603
0.06155365006753065
0.38270845426079947
0.0747972073465594
0.6177948464273697
0.38250149355122803
0.0654889928918725
0.06890869683607129
0.06697532535693876
0.0654889928918725
0.08170986287349764
0.07263922158783466
0.4658501300817621
0.10797820524259218
0.0696437757864784
0.10776535395840937
0.07136593474970981
0.07806561760177888
0.07098447167487208
0.06697532535693876
0.14360927328375891
0.07136593474970981
0.06697532535693876
0.8079014407364646
0.06890869683607129
0.1312184892358381
0.07136593474970981
0.059000344044020145
0.057897690729112654
0.9429137720554119
0.062361109714593535
0.06074888568723006
0.06607839333084704
0.07136593474970981
0.08766877337874941
0.07136593474970981
0.062361109714593535
0.05961869991378135
0.07136593474970981
0.8967659464155711
0.0696437757864784
0.6500134132539566
0.07136593474970981
0.10500372063563651
0.19403182385608728
0.07371710853351118
0.10099977064769335
0.7640045427653864
0.061082397208800446
0.8363943371276163
0.07136593474970981
0.8978983350763377
0.7194705764548897
0.07136593474970981
0.14527890447211267
0.14990139421918147
0.07136593474970981
0.05838752139462315
0.07136593474970981
0.06640654559716404
0.07098447167487208
0.07262550061925192
0.0843918406753778
0.062361109714593535
0.06993407056610362
0.05564831726233872
0.06707036223593453
0.06697532535693876
0.06630789118895483
0.06045867290477848
0.09650181436346113
0.059000344044020145
0.06266408902900567
0.8989138429360752
0.0637594084476023
0.8363943371276163
0.07661609715736567
0.062262349449630404
0.06041332075127931
0.07136593474970981
0.11179490952479916
0.05773100814470247
0.06045867290477848
0.0736972294825612
0.09902508553644908
0.06607839333084704
0.16205317228575444
0.08576198675277547
0.07136593474970981
0.06615448607377594
0.06632937085139584
0.06417942157911907
0.07857798102499729
0.07441567848374817
0.8363943371276163
0.05835286845289332
0.2383091516547129
0.06949661832997539
0.11993149785105622
0.07136593474970981
0.07229890954225984
0.05862131685182269
0.0664762944514036
0.0623850651656248
0.07098447167487208
0.06350835626618119
0.0654889928918725
0.062361109714593535
0.06900119396640847
0.06697532535693876
0.06557837560004048
0.0695591271157628
0.07136593474970981
0.07136593474970981
0.9140172938184822
0.06599252721215404
0.07136593474970981
0.062361109714593535
0.059000344044020145
0.062361109714593535
0.0833453379788757
0.07136593474970981
0.06226246109735205
0.06949661832997539
0.09535534920194713
0.07136593474970981
0.058419479901916066
0.05966505414496977
0.06786213395666753
0.07136593474970981
0.07136593474970981
0.12128352955781868
0.06516532734153599
0.062361109714593535
0.06045867290477848
0.0665502938548826
0.920859117218553
0.9027094910709725
0.19948148126177695
0.08466199079175044
0.07136593474970981
0.07136593474970981
0.06098165868210145
0.06697532535693876
0.0694059296395501
0.06993407056610362
0.06890869683607129
0.07767451960719493
0.066926215335273
0.0646916633385565
0.06499323220727675
0.07136593474970981
0.06557837560004048
0.1695513534203652
0.06697532535693876
0.06990983500475158
0.06697532535693876
0.06697532535693876
0.06226246109735205
0.07096747962586306
0.3416996883137201
0.07136593474970981
0.6468312784772039
0.06697532535693876
0.07136593474970981
0.07672688768750177
0.6542897802381111
0.12017737142961238
0.3362466123727704
0.14659816438812612
0.9205637525551283
0.06990983500475158
0.9378826208431507
0.35317502766422687
0.4774299120829724
0.05898102710676649
0.8219624435341986
0.06697532535693876
0.06045867290477848
0.9013902796932477
0.07136593474970981
0.06872039707622256
0.07136593474970981
0.06993407056610362
0.06072155200061591
0.07136593474970981
0.059198977903695146
0.08532876422958553
0.06021429498193494
0.06045867290477848
0.7038805342725808
0.06743794931877589
0.07724971500042321
0.07136593474970981
0.07136593474970981
0.05659277323150867
0.06743794931877589
0.07136593474970981
0.0695591271157628
0.06773751346100497
0.0882987818197645
0.07347162715540459
0.9032903298719284
0.17626223353702086
0.8919000240175652
0.23521530394861923
0.07136593474970981
0.05773100814470247
0.07136593474970981
0.07149099752855718
0.05606281089760916
0.10694067193220888
0.062361109714593535
0.8197494111670667
0.07136593474970981
0.9027094910709725
0.08266901717925397
0.06045867290477848
0.06201954146969582
0.06743794931877589
0.06510173117207385
0.06429072898276522
0.41426958236669514
0.7460430877073725
0.06409054913175655
0.8073374848795456
0.05773100814470247
0.3126335206295805
0.07136593474970981
0.07136593474970981
0.08532113457205542
0.07136593474970981
0.07136593474970981
0.13541411680405974
0.0654889928918725
0.09182297568957444
0.06550698245110415
0.8208565169229964
0.05884533410927207
0.06201954146969582
0.058166063337438914
0.05966505414496977
0.06045867290477848
0.1223038098352606
0.15755659817015322
0.06201954146969582
0.0701294893473938
0.06833838742917073
0.06361785816525714
0.07136593474970981
0.18874025779684928
0.05709643085190142
0.06205008043879384
0.064609005670694
0.062361109714593535
0.06697532535693876
0.07136593474970981
0.2854499679712901
0.8362199181988033
0.07965884288603188
0.8372620889160597
0.059000344044020145
0.07136593474970981
0.8397631761756417
0.07136593474970981
0.24919819147792138
0.06518127759319964
0.2627715682319206
0.0643673733556494
0.06409054913175655
0.06550698245110415
0.07136593474970981
0.06046021915081912
0.8620087174579292
0.07729584721062982
0.06630789118895483
0.9441615953229069
0.06372149313485162
0.0612088773483461
0.06251471720573178
0.059000344044020145
0.09154391255695363
0.07579381751502036
0.06409054913175655
0.3233476495365002
0.062361109714593535
0.062361109714593535
0.0609505936856524
0.0760326517422865
0.21657912435633012
0.0750706083630716
0.06697532535693876
0.07136593474970981
0.06274810948999252
0.07136593474970981
0.06254846974900187
0.05956225205878796
0.07136593474970981
0.07136593474970981
0.06743794931877589
0.0665502938548826
0.06886415050330716
0.08532113457205542
0.06390185063441174
0.06226246109735205
0.062048460507212105
0.8715189669946777
0.05964406072045185
0.059000344044020145
0.06559847474060347
0.17007380812383677
0.06990983500475158
0.07136593474970981
0.5214272077072669
0.07136593474970981
0.059000344044020145
0.07626076465891736
0.06697532535693876
0.07136593474970981
0.10726390399135718
0.06233233041687353
0.06697532535693876
0.06380447834369685
0.18568026452952874
0.06295665179822833
0.9066506848707935
0.07136593474970981
0.9407989895596505
0.412510903557749
0.8573553579511592
0.062361109714593535
0.8488702146751737
0.06743794931877589
0.07136593474970981
0.06884266426103282
0.07284076739316754
0.08532113457205542
0.9433863757306122
0.06440450948379028
0.2198210005219008
0.0825797311487549
0.06900119396640847
0.07136593474970981
0.062072795046181406
0.09655363391789484
0.3981730322158505
0.06045867290477848
0.07136593474970981
0.059000344044020145
0.1383068444560709
0.06023752528619444
0.26533246928232185
0.08482587040494026
0.06233233041687353
0.24155012860650227
0.06021429498193494
0.06011259654932055
0.8998917662680767
0.06557837560004048
0.0696437757864784
0.10142036362142598
0.07136593474970981
0.15816121235423733
0.25410655208955013
0.8907109740426222
0.07248723870572803
0.07136593474970981
0.06540309459271247
0.06258241947255352
0.07136593474970981
0.07136593474970981
0.8581161201671267
0.07394037639289573
0.06900119396640847
0.0817155617712426
0.059000344044020145
0.07136593474970981
0.06751346421882343
0.06697532535693876
0.2441646895358079
0.10142036362142598
0.07193059620001244
0.062361109714593535
0.07136593474970981
0.07805210758036682
0.15307496164147644
0.06743794931877589
0.8403897678495853
0.0747972073465594
0.8580080204736937
0.062361109714593535
0.06351850164458643
0.0633989375783666
0.06697532535693876
0.06045867290477848
0.07136593474970981
0.07136593474970981
0.8363943371276163
0.06685131715391866
0.06557837560004048
0.0695591271157628
0.07136593474970981
0.09752005665767553
0.06916201408374509
0.06697532535693876
0.9360652314875062
0.05966505414496977
0.06557837560004048
0.06666375238216755
0.1573006093339489
0.059000344044020145
0.055071258628051935
0.06697532535693876
0.062262349449630404
0.07136593474970981
0.15257070256472038
0.0732770729055231
0.05812067512584335
0.055925681086587055
0.06645668123005591
0.818764106488019
0.9337458659415392
0.3409741695866178
0.06409054913175655
0.05701138830922274
0.0696437757864784
0.062361109714593535
0.07136593474970981
0.6403640156786942
0.9392216814109878
0.7991488766432202
0.07136593474970981
0.07136593474970981
0.07284076739316754
0.08699336802071649
0.07136593474970981
0.07195509884729903
0.09116809747166886
0.06697532535693876
0.062361109714593535
0.07136593474970981
0.7295980308108421
0.10711443751796526
0.25005597820547654
0.07136593474970981
0.848308243144591
0.0861793681446047
0.08624136630656927
0.8363943371276163
0.06697532535693876
0.11794376048528168
0.24400715403690382
0.059189948695749416
0.10749193653017236
0.0669491288247009
0.07136593474970981
0.07136593474970981
0.1756862843151264
0.057169120700898655
0.10976648300874739
0.06380447834369685
0.07136593474970981
0.0695591271157628
0.06967416882100429
0.07136593474970981
0.07843911593545179
0.06743794931877589
0.06990983500475158
0.06045867290477848
0.10142036362142598
0.07340244418701491
0.07767748429469776
0.07136593474970981
0.07136593474970981
0.05714092821364266
0.07245051518469117
0.09409776953829883
0.07079166998248917
0.07136593474970981
0.1258606017232016
0.9138777973002037
0.06743794931877589
0.06254846974900187
0.48799488352125137
0.057855080200469554
0.062361109714593535
0.06461673944547303
0.06045867290477848
0.059000344044020145
0.07661642089735018
0.7996995929942122
0.8077736683809416
0.062361109714593535
0.1391424177772309
0.06254846974900187
0.11212611007607604
0.8133198694361817
0.07136593474970981
0.06011259654932055
0.06361514074683093
0.0817155617712426
0.6055259680793189
0.07700983814421226
0.0642316983481397
0.5216471978113382
0.06543097757853944
0.05964406072045185
0.07136593474970981
0.06324200610085343
0.9276741040445884
0.6856859658891972
0.12614346284585487
0.251086901386109
0.06743794931877589
0.12000224567358853
0.06254846974900187
0.05944336521724752
0.06254846974900187
0.06245567692569876
0.05964406072045185
0.0705522483051615
0.059000344044020145
0.07136593474970981
0.0626374260830781
0.06254846974900187
0.09436163160116687
0.07136593474970981
0.064609005670694
0.06023752528619444
0.06990983500475158
0.06045867290477848
0.06350835626618119
0.06226246109735205
0.9337868559772817
0.05556692664349859
0.8069304526034261
0.06254846974900187
0.07284076739316754
0.11039001800313078
0.07284076739316754
0.0654889928918725
0.062361109714593535
0.08369720712595119
0.07136593474970981
0.07598953292635528
0.07169906308161922
0.0735216024344178
0.06502489542344159
0.8227204953861645
0.06483919811359268
0.08148198692850403
0.06599252721215404
0.09798608132742595
0.05964406072045185
0.05782657530398284
0.07645815956081134
0.06229337769650764
0.05983902393975371
0.06900119396640847
0.05851583515299803
0.19719083253275743
0.08053364162535821
0.07136593474970981
0.062361109714593535
0.06011259654932055
0.13487319011086654
0.29108218842907474
0.08333535635151168
0.7444036422507128
0.0807132742571961
0.062361109714593535
0.16634684579002945
0.1577961676973882
0.07136593474970981
0.061751467275636476
0.059000344044020145
0.8872108514650513
0.10500372063563651
0.07136593474970981
0.07136593474970981
0.06557837560004048
0.062361109714593535
0.9123986352905737
0.07262550061925192
0.06406676246763413
0.07136593474970981
0.07136593474970981
0.07136593474970981
0.06084693037774095
0.10405088060099593
0.07136593474970981
0.06615448607377594
0.09043218524504956
0.0646916633385565
0.9325135430447813
0.06990983500475158
0.06012462169060775
0.9363982677551984
0.1975173470929214
0.07052838591616276
0.07136593474970981
0.0925560560595087
0.07375642527586844
0.12494313795118167
0.059000344044020145
0.07136593474970981
0.056973590959707776
0.07284076739316754
0.9226155307594235
0.06599252721215404
0.07288751077268218
0.0654889928918725
0.06990983500475158
0.7055739379211532
0.068911492276446
0.07136593474970981
0.06697532535693876
0.9173902754084844
0.07136593474970981
0.16709283951697723
0.06745110121739438
0.07136593474970981
0.06607839333084704
0.9297696997297084
0.8907109740426222
0.17282635378874894
0.11926837440063584
0.1357325082850058
0.07136593474970981
0.06900119396640847
0.06697532535693876
0.5922123081622506
0.12478481795707655
0.07136593474970981
0.07136593474970981
0.07985553325547584
0.07136593474970981
0.05975760161267472
0.06743794931877589
0.07117333569939821
0.8617575595442973
0.082530502799106
0.36802153771689633
0.06254846974900187
0.08835425403418622
0.07392127392890566
0.06233267767825606
0.07136593474970981
0.06900119396640847
0.06122056151876126
0.2334152612117411
0.07136593474970981
0.6724206297771165
0.07075414277716087
0.0654889928918725
0.0760326517422865
0.07491577032232234
0.06550698245110415
0.14161935360653785
0.07136593474970981
0.06607839333084704
0.8329293941658237
0.18343652791215617
0.07136593474970981
0.08841730575237988
0.0629729218033715
0.6973969099193529
0.06351256803231782
0.06557837560004048
0.059000344044020145
0.07136593474970981
0.9354906048755828
0.09220891638693496
0.09153528568636961
0.9048294059332392
0.07136593474970981
0.07136593474970981
0.06766776106295665
0.07136593474970981
0.0696437757864784
0.06557837560004048
0.9420578424032753
0.0865277455925456
0.0751216141614699
0.05964406072045185
0.07136593474970981
0.0709871279162751
